# Created by COMSOL Multiphysics Wed Mar 19 14:16:49 2008


# Major & minor version
0 1 
1 # number of tags
# Tags
6 fem1.0 
1 # number of types
# Types
3 obj 

# --------- Object 0 ----------

0 0 1 
4 Mesh # class
1 # version
2 # sdim
202 # number of mesh points
0 # lowest mesh point index

# Mesh point coordinates
-1 0 
-1 0.60000000000000009 
0.60000000000000009 0 
0.60000000000000009 0.60000000000000009 
-1 0.10000000000000002 
-1 0.20000000000000004 
-1 0.30000000000000004 
-1 0.40000000000000002 
-1 0.5 
-0.89333333333333331 0 
-0.78666666666666663 0 
-0.67999999999999994 0 
-0.57333333333333325 0 
-0.46666666666666656 0 
-0.35999999999999993 0 
-0.2533333333333333 0 
-0.14666666666666661 0 
-0.03999999999999998 0 
0.066666666666666652 0 
0.17333333333333334 0 
0.27999999999999997 0 
0.3866666666666666 0 
0.49333333333333329 0 
-0.89333333333333331 0.60000000000000009 
-0.78666666666666663 0.6000000000000002 
-0.67999999999999994 0.60000000000000009 
-0.57333333333333325 0.60000000000000009 
-0.46666666666666656 0.60000000000000009 
-0.35999999999999993 0.60000000000000009 
-0.2533333333333333 0.60000000000000009 
-0.14666666666666661 0.60000000000000009 
-0.03999999999999998 0.60000000000000009 
0.066666666666666652 0.60000000000000009 
0.17333333333333334 0.60000000000000009 
0.27999999999999997 0.60000000000000009 
0.3866666666666666 0.60000000000000009 
0.49333333333333329 0.60000000000000009 
0.59999999999999998 0.10000000000000002 
0.60000000000000009 0.20000000000000004 
0.60000000000000009 0.30000000000000004 
0.60000000000000009 0.40000000000000002 
0.60000000000000009 0.5 
-0.62666666666666659 0.30000000000000004 
-0.30666666666666664 0.30000000000000004 
0.013333333333333336 0.30000000000000004 
0.3066666666666667 0.30000000000000004 
-0.81333333333333324 0.35000000000000003 
-0.79999999999999993 0.17500000000000002 
-0.54666666666666663 0.45000000000000007 
-0.22666666666666663 0.45000000000000007 
-0.54666666666666663 0.15000000000000002 
-0.22666666666666663 0.15000000000000002 
0.093333333333333338 0.45000000000000007 
0.093333333333333338 0.15000000000000002 
-0.38222222222222213 0.47500000000000009 
-0.38222222222222213 0.12500000000000003 
-0.062222222222222207 0.47500000000000009 
-0.053333333333333316 0.17500000000000004 
-0.47999999999999998 0.27500000000000002 
-0.16 0.32500000000000007 
0.34666666666666668 0.45000000000000007 
0.34666666666666668 0.15000000000000002 
0.47333333333333338 0.22500000000000003 
0.1488888888888889 0.32500000000000007 
-0.67111111111111099 0.38333333333333336 
-0.85333333333333328 0.47500000000000009 
0.22444444444444445 0.21250000000000002 
0.47333333333333338 0.42500000000000004 
-0.66555555555555546 0.1854166666666667 
0.2122222222222222 0.47500000000000009 
-0.89999999999999991 0.23750000000000004 
0.48333333333333334 0.11250000000000002 
-0.41037037037037027 0.36250000000000004 
-0.72064814814814804 0.27309027777777783 
0.19888888888888889 0.10625000000000001 
-0.67555555555555546 0.4916666666666667 
-0.89999999999999991 0.13750000000000001 
-0.73999999999999999 0.087500000000000008 
0.40388888888888891 0.33958333333333335 
-0.61333333333333329 0.075000000000000011 
0.026666666666666679 0.075000000000000011 
0.50194444444444453 0.3197916666666667 
0.27398148148148149 0.3979166666666667 
-0.099999999999999964 0.087500000000000022 
-0.76259259259259249 0.42986111111111114 
0.42999999999999999 0.51250000000000007 
-0.90666666666666662 0.32500000000000007 
-0.04703703703703703 0.37708333333333338 
-0.35543209876543203 0.38333333333333341 
-0.32481481481481478 0.20208333333333334 
-0.2122222222222222 0.2479166666666667 
-0.4961728395061728 0.36250000000000004 
-0.08666666666666667 0.25833333333333341 
0.10314814814814816 0.2479166666666667 
0.38277777777777777 0.24375000000000002 
-0.31777777777777771 0.062500000000000014 
-0.31777777777777771 0.53750000000000009 
0.0022222222222222227 0.53750000000000009 
-0.41339506172839502 0.20034722222222223 
-0.13037037037037036 0.40833333333333344 
-0.84333333333333327 0.068750000000000006 
-0.13944444444444443 0.19930555555555562 
-0.79233024691358023 0.26426504629629632 
0.036311728395061742 0.20121527777777781 
-0.77462962962962956 0.51493055555555567 
0.51500000000000001 0.50625000000000009 
-0.24888888888888883 0.3666666666666667 
-0.5066666666666666 0.075000000000000011 
-0.18666666666666662 0.075000000000000011 
-0.5066666666666666 0.52500000000000013 
-0.18666666666666662 0.52500000000000013 
0.06925925925925927 0.3666666666666667 
0.13333333333333333 0.52500000000000013 
0.13333333333333333 0.075000000000000011 
-0.56888888888888889 0.23333333333333336 
-0.6007407407407408 0.37638888888888894 
-0.46973251028806579 0.44583333333333341 
-0.92666666666666664 0.43750000000000006 
0.31333333333333335 0.075000000000000011 
0.31333333333333335 0.52500000000000013 
0.16601851851851851 0.40833333333333344 
-0.39434670781893 0.28451967592592597 
0.22722222222222224 0.29583333333333339 
0.030833333333333341 0.4057291666666667 
-0.31294238683127568 0.44930555555555562 
-0.47447016460905345 0.13972800925925927 
0.33601851851851849 0.22812500000000002 
0.36666666666666664 0.075000000000000011 
0.27953703703703703 0.11927083333333335 
-0.55999999999999994 0.52500000000000013 
-0.42444444444444435 0.062500000000000014 
-0.42444444444444435 0.53750000000000009 
-0.10444444444444441 0.53750000000000009 
-0.92666666666666664 0.48750000000000004 
0.43499999999999994 0.056250000000000008 
-0.54822016460905343 0.29826388888888894 
0.40546296296296302 0.19687500000000002 
0.53666666666666674 0.26250000000000007 
-0.94666666666666666 0.05000000000000001 
0.54666666666666663 0.05000000000000001 
-0.74561728395061722 0.37719907407407416 
-0.83398148148148143 0.55746527777777788 
0.54166666666666674 0.15625000000000003 
0.14959876543209877 0.19236111111111115 
-0.86722222222222212 0.40729166666666672 
0.34022376543209876 0.3822916666666667 
0.24611111111111109 0.53750000000000009 
-0.50685613854595335 0.20037133487654324 
-0.61999999999999988 0.56250000000000011 
0.40629693930041155 0.39296875000000003 
-0.30552469135802462 0.13524305555555555 
-0.62290123456790125 0.43668981481481484 
0.55750000000000011 0.45312500000000006 
-0.018759002057613165 0.24147858796296301 
-0.73075617283950622 0.19568865740740743 
0.0034027777777777832 0.47217881944444451 
-0.96333333333333337 0.54375000000000007 
0.42930555555555561 0.2758680555555556 
0.23944444444444443 0.053125000000000006 
0.2800848765432099 0.46371527777777788 
0.16246913580246913 0.2807291666666667 
-0.17365740740740737 0.13929398148148153 
-0.10820987654320985 0.47326388888888898 
0.067592592592592593 0.54270833333333346 
-0.24796296296296291 0.08229166666666668 
-0.24796296296296291 0.51770833333333344 
-0.84347093621399161 0.30386043595679013 
0.53666666666666674 0.41250000000000003 
0.20951388888888889 0.35972222222222228 
-0.027777777777777755 0.11875000000000002 
0.37949845679012351 0.13828125000000002 
-0.67481481481481476 0.098611111111111122 
-0.72731481481481475 0.55746527777777788 
0.55097222222222231 0.35989583333333336 
0.55750000000000011 0.55312500000000009 
-0.1512037037037037 0.2651041666666667 
-0.1958024691358024 0.3979166666666667 
-0.053487654320987656 0.31475694444444446 
0.031759259259259272 0.1244791666666667 
-0.095180041152263362 0.34499421296296295 
-0.21879629629629627 0.31024305555555559 
-0.59990740740740733 0.17864583333333334 
0.096651234567901242 0.31024305555555559 
0.31425925925925924 0.16974826388888892 
0.42734594693072703 0.44811197916666667 
-0.27487654320987653 0.23750000000000004 
0.14028549382716049 0.46388888888888902 
-0.65853395061728393 0.24777199074074077 
-0.70416923868312731 0.33637635030864199 
-0.17064300411522632 0.47219328703703711 
-0.75652049039780511 0.31568367412551446 
0.45732279878257892 0.36781684027777783 
-0.61863168724279838 0.49639274691358032 
0.27729938271604937 0.25156250000000002 
-0.95333333333333337 0.36250000000000004 
-0.033888888888888871 0.059375000000000011 
-0.10865740740740738 0.14866898148148153 
-0.94999999999999996 0.16875000000000001 
-0.94999999999999996 0.26875000000000004 
-0.85833333333333317 0.1947916666666667 
-0.90999999999999992 0.54375000000000007 
0.37416666666666665 0.53229166666666683 

3 # number of element types

# Type #0

3 vtx # type name


1 # number of nodes per element
4 # number of elements
# Elements
0 
1 
2 
3 

0 # number of parameter values per element
0 # number of parameters
# Parameters

4 # number of domains
# Domains
0 
1 
2 
3 

0 # number of up/down pairs
# Up/down

# Type #1

3 edg # type name


2 # number of nodes per element
42 # number of elements
# Elements
0 4 
4 5 
5 6 
6 7 
7 8 
8 1 
0 9 
9 10 
10 11 
11 12 
12 13 
13 14 
14 15 
15 16 
16 17 
17 18 
18 19 
19 20 
20 21 
21 22 
22 2 
1 23 
23 24 
24 25 
25 26 
26 27 
27 28 
28 29 
29 30 
30 31 
31 32 
32 33 
33 34 
34 35 
35 36 
36 3 
2 37 
37 38 
38 39 
39 40 
40 41 
41 3 

2 # number of parameter values per element
42 # number of parameters
# Parameters
0 0.16666666666666669 
0.16666666666666669 0.33333333333333337 
0.33333333333333337 0.5 
0.5 0.66666666666666663 
0.66666666666666663 0.83333333333333326 
0.83333333333333326 1 
0 0.06666666666666668 
0.06666666666666668 0.13333333333333336 
0.13333333333333336 0.20000000000000004 
0.20000000000000004 0.26666666666666672 
0.26666666666666672 0.33333333333333337 
0.33333333333333337 0.40000000000000002 
0.40000000000000002 0.46666666666666667 
0.46666666666666667 0.53333333333333333 
0.53333333333333333 0.59999999999999998 
0.59999999999999998 0.66666666666666663 
0.66666666666666663 0.73333333333333328 
0.73333333333333328 0.79999999999999993 
0.79999999999999993 0.86666666666666659 
0.86666666666666659 0.93333333333333324 
0.93333333333333324 1 
0 0.06666666666666668 
0.06666666666666668 0.13333333333333336 
0.13333333333333336 0.20000000000000004 
0.20000000000000004 0.26666666666666672 
0.26666666666666672 0.33333333333333337 
0.33333333333333337 0.40000000000000002 
0.40000000000000002 0.46666666666666667 
0.46666666666666667 0.53333333333333333 
0.53333333333333333 0.59999999999999998 
0.59999999999999998 0.66666666666666663 
0.66666666666666663 0.73333333333333328 
0.73333333333333328 0.79999999999999993 
0.79999999999999993 0.86666666666666659 
0.86666666666666659 0.93333333333333324 
0.93333333333333324 1 
0 0.16666666666666669 
0.16666666666666669 0.33333333333333337 
0.33333333333333337 0.5 
0.5 0.66666666666666663 
0.66666666666666663 0.83333333333333326 
0.83333333333333326 1 

42 # number of domains
# Domains
0 
0 
0 
0 
0 
0 
1 
1 
1 
1 
1 
1 
1 
1 
1 
1 
1 
1 
1 
1 
1 
2 
2 
2 
2 
2 
2 
2 
2 
2 
2 
2 
2 
2 
2 
2 
3 
3 
3 
3 
3 
3 

42 # number of up/down pairs
# Up/down
0 1 
0 1 
0 1 
0 1 
0 1 
0 1 
1 0 
1 0 
1 0 
1 0 
1 0 
1 0 
1 0 
1 0 
1 0 
1 0 
1 0 
1 0 
1 0 
1 0 
1 0 
0 1 
0 1 
0 1 
0 1 
0 1 
0 1 
0 1 
0 1 
0 1 
0 1 
0 1 
0 1 
0 1 
0 1 
0 1 
1 0 
1 0 
1 0 
1 0 
1 0 
1 0 

# Type #2

3 tri # type name


3 # number of nodes per element
360 # number of elements
# Elements
0 9 138 
9 10 100 
9 100 138 
4 0 138 
76 4 138 
4 76 197 
47 76 100 
100 76 138 
77 47 100 
154 77 171 
171 79 181 
77 11 171 
11 79 171 
10 77 100 
10 11 77 
11 12 79 
12 13 107 
79 12 107 
107 13 130 
13 14 130 
14 15 95 
95 15 164 
15 108 164 
14 95 130 
95 55 130 
55 95 150 
150 95 164 
108 51 164 
51 150 164 
55 125 130 
125 107 130 
50 79 107 
50 107 125 
79 50 181 
50 125 147 
50 114 181 
114 50 147 
125 98 147 
55 98 125 
55 89 98 
89 55 150 
51 89 150 
89 51 185 
51 90 185 
98 89 121 
89 43 121 
43 89 185 
90 180 185 
180 43 185 
58 98 121 
98 58 147 
58 114 147 
42 114 135 
114 58 135 
42 73 187 
166 102 190 
102 73 190 
73 102 154 
73 154 187 
114 42 187 
181 114 187 
154 68 187 
68 181 187 
68 171 181 
68 154 171 
47 77 154 
102 47 154 
47 102 199 
76 47 199 
197 76 199 
5 4 197 
70 197 199 
197 70 198 
5 197 198 
6 5 198 
102 166 199 
166 70 199 
86 70 166 
70 86 198 
194 6 198 
86 194 198 
7 6 194 
86 144 194 
86 46 144 
46 166 190 
46 86 166 
73 188 190 
73 42 188 
42 64 188 
64 42 115 
64 140 188 
188 140 190 
140 46 190 
84 46 140 
64 84 140 
64 115 151 
75 64 151 
64 75 84 
84 65 144 
65 117 144 
46 84 144 
144 117 194 
117 7 194 
8 7 117 
8 117 133 
117 65 133 
133 65 200 
65 104 141 
65 141 200 
156 133 200 
8 133 156 
23 156 200 
1 8 156 
23 1 156 
141 23 200 
24 23 141 
24 104 172 
104 24 141 
25 24 172 
26 25 148 
75 25 172 
25 75 148 
148 75 192 
104 75 172 
84 75 104 
65 84 104 
75 151 192 
151 48 192 
109 48 116 
116 54 131 
109 116 131 
48 109 129 
48 129 192 
129 148 192 
109 26 129 
129 26 148 
27 26 109 
28 27 131 
27 109 131 
96 28 131 
29 28 96 
110 29 165 
29 96 165 
49 110 165 
96 124 165 
54 96 131 
96 54 124 
124 49 165 
106 49 124 
49 106 176 
88 106 124 
54 72 88 
54 88 124 
72 54 116 
115 48 151 
48 91 116 
91 48 115 
91 72 116 
91 115 135 
115 42 135 
58 91 135 
58 72 91 
72 58 121 
43 88 121 
88 72 121 
88 43 106 
176 106 180 
106 43 180 
59 175 179 
59 176 180 
99 59 179 
177 87 179 
87 44 123 
44 87 177 
92 177 179 
111 44 182 
160 63 182 
122 63 160 
63 122 168 
63 111 182 
120 63 168 
111 63 120 
44 111 123 
111 52 123 
52 111 120 
120 69 186 
52 120 186 
123 52 155 
56 87 155 
87 56 99 
87 123 155 
87 99 179 
59 99 176 
176 99 189 
49 176 189 
110 49 189 
99 162 189 
99 56 162 
56 132 162 
97 56 155 
56 97 132 
162 132 189 
132 110 189 
30 110 132 
30 29 110 
31 30 132 
97 31 132 
112 32 163 
32 97 163 
32 31 97 
33 32 112 
33 112 146 
112 69 146 
97 155 163 
155 52 163 
52 112 163 
112 52 186 
69 112 186 
85 60 184 
60 119 159 
119 60 201 
60 85 201 
119 146 159 
146 69 159 
119 34 146 
34 33 146 
35 34 119 
85 35 201 
35 119 201 
36 85 105 
36 35 85 
3 36 174 
41 3 174 
36 105 174 
105 41 174 
105 85 184 
67 105 184 
105 67 152 
41 105 152 
40 41 152 
152 67 167 
40 152 167 
40 167 173 
173 167 191 
167 67 191 
67 149 191 
149 67 184 
60 149 184 
82 60 159 
69 82 159 
82 69 120 
82 120 168 
60 82 145 
60 145 149 
145 78 149 
45 78 145 
82 45 145 
122 82 168 
45 82 122 
157 81 191 
78 157 191 
149 78 191 
81 173 191 
39 40 173 
81 137 173 
137 39 173 
81 62 137 
78 94 157 
62 81 157 
94 136 157 
136 62 157 
38 39 137 
137 62 142 
38 137 142 
37 38 142 
71 62 136 
62 71 142 
94 126 136 
183 126 193 
126 61 136 
136 61 170 
61 126 183 
66 128 183 
66 183 193 
122 66 193 
94 45 126 
126 45 193 
78 45 94 
45 122 193 
66 122 160 
93 160 182 
143 66 160 
93 143 160 
103 44 153 
93 44 103 
44 93 182 
153 44 177 
92 153 177 
175 92 179 
175 59 180 
90 175 180 
90 101 175 
101 92 175 
57 103 153 
57 92 101 
92 57 153 
90 51 101 
57 101 196 
101 51 161 
101 161 196 
103 57 178 
53 103 178 
53 93 103 
93 53 143 
74 66 143 
53 74 143 
74 53 113 
80 113 178 
169 80 178 
113 53 178 
57 169 178 
83 169 196 
169 57 196 
51 108 161 
161 83 196 
108 83 161 
169 83 195 
80 169 195 
17 80 195 
83 17 195 
16 83 108 
15 16 108 
16 17 83 
17 18 80 
80 18 113 
19 74 113 
18 19 113 
19 20 158 
20 21 118 
127 21 134 
118 21 127 
20 118 158 
74 19 158 
128 74 158 
118 128 158 
66 74 128 
118 61 128 
128 61 183 
61 127 170 
61 118 127 
127 134 170 
134 71 170 
71 136 170 
139 37 142 
71 139 142 
2 37 139 
71 134 139 
134 22 139 
21 22 134 
22 2 139 

6 # number of parameter values per element
0 # number of parameters
# Parameters

360 # number of domains
# Domains
1 
1 
1 
1 
1 
1 
1 
1 
1 
1 
1 
1 
1 
1 
1 
1 
1 
1 
1 
1 
1 
1 
1 
1 
1 
1 
1 
1 
1 
1 
1 
1 
1 
1 
1 
1 
1 
1 
1 
1 
1 
1 
1 
1 
1 
1 
1 
1 
1 
1 
1 
1 
1 
1 
1 
1 
1 
1 
1 
1 
1 
1 
1 
1 
1 
1 
1 
1 
1 
1 
1 
1 
1 
1 
1 
1 
1 
1 
1 
1 
1 
1 
1 
1 
1 
1 
1 
1 
1 
1 
1 
1 
1 
1 
1 
1 
1 
1 
1 
1 
1 
1 
1 
1 
1 
1 
1 
1 
1 
1 
1 
1 
1 
1 
1 
1 
1 
1 
1 
1 
1 
1 
1 
1 
1 
1 
1 
1 
1 
1 
1 
1 
1 
1 
1 
1 
1 
1 
1 
1 
1 
1 
1 
1 
1 
1 
1 
1 
1 
1 
1 
1 
1 
1 
1 
1 
1 
1 
1 
1 
1 
1 
1 
1 
1 
1 
1 
1 
1 
1 
1 
1 
1 
1 
1 
1 
1 
1 
1 
1 
1 
1 
1 
1 
1 
1 
1 
1 
1 
1 
1 
1 
1 
1 
1 
1 
1 
1 
1 
1 
1 
1 
1 
1 
1 
1 
1 
1 
1 
1 
1 
1 
1 
1 
1 
1 
1 
1 
1 
1 
1 
1 
1 
1 
1 
1 
1 
1 
1 
1 
1 
1 
1 
1 
1 
1 
1 
1 
1 
1 
1 
1 
1 
1 
1 
1 
1 
1 
1 
1 
1 
1 
1 
1 
1 
1 
1 
1 
1 
1 
1 
1 
1 
1 
1 
1 
1 
1 
1 
1 
1 
1 
1 
1 
1 
1 
1 
1 
1 
1 
1 
1 
1 
1 
1 
1 
1 
1 
1 
1 
1 
1 
1 
1 
1 
1 
1 
1 
1 
1 
1 
1 
1 
1 
1 
1 
1 
1 
1 
1 
1 
1 
1 
1 
1 
1 
1 
1 
1 
1 
1 
1 
1 
1 
1 
1 
1 
1 
1 
1 
1 
1 
1 
1 
1 
1 
1 
1 
1 
1 
1 
1 
1 
1 
1 
1 
1 
1 
1 
1 
1 
1 
1 
1 
1 
1 
1 
1 
1 
1 

0 # number of up/down pairs
# Up/down
